% time	cellId	IMSI	RNTI	txMode	layer	mcs	size	rv	ndi	correct	ccId
303	1	1	1	0	0	28	2196	0	1	1	0
303	2	2	1	0	0	28	2196	0	1	1	0
314	1	1	1	0	0	28	2196	0	1	1	0
314	2	2	1	0	0	28	2196	0	1	1	0
403	1	1	1	0	0	28	2196	0	1	1	0
403	2	2	1	0	0	28	2196	0	1	1	0
414	1	1	1	0	0	28	2196	0	1	1	0
414	2	2	1	0	0	28	2196	0	1	1	0
503	1	1	1	0	0	28	2196	0	1	1	0
503	2	2	1	0	0	28	2196	0	1	1	0
514	1	1	1	0	0	28	2196	0	1	1	0
514	2	2	1	0	0	28	2196	0	1	1	0
603	1	1	1	0	0	28	2196	0	1	1	0
603	2	2	1	0	0	28	2196	0	1	1	0
614	1	1	1	0	0	28	2196	0	1	1	0
614	2	2	1	0	0	28	2196	0	1	1	0
703	1	1	1	0	0	28	2196	0	1	1	0
703	2	2	1	0	0	28	2196	0	1	1	0
714	1	1	1	0	0	28	2196	0	1	1	0
714	2	2	1	0	0	28	2196	0	1	1	0
803	1	1	1	0	0	28	2196	0	1	1	0
803	2	2	1	0	0	28	2196	0	1	1	0
814	1	1	1	0	0	28	2196	0	1	1	0
814	2	2	1	0	0	28	2196	0	1	1	0
903	1	1	1	0	0	28	2196	0	1	1	0
903	2	2	1	0	0	28	2196	0	1	1	0
914	1	1	1	0	0	28	2196	0	1	1	0
914	2	2	1	0	0	28	2196	0	1	1	0
1003	1	1	1	0	0	28	2196	0	1	1	0
1003	2	2	1	0	0	28	2196	0	1	1	0
1014	1	1	1	0	0	28	2196	0	1	1	0
1014	2	2	1	0	0	28	2196	0	1	1	0
1103	1	1	1	0	0	28	2196	0	1	1	0
1103	2	2	1	0	0	28	2196	0	1	1	0
1114	1	1	1	0	0	28	2196	0	1	1	0
1114	2	2	1	0	0	28	2196	0	1	1	0
1203	1	1	1	0	0	28	2196	0	1	1	0
1203	2	2	1	0	0	28	2196	0	1	1	0
1214	1	1	1	0	0	28	2196	0	1	1	0
1214	2	2	1	0	0	28	2196	0	1	1	0
1303	1	1	1	0	0	28	2196	0	1	1	0
1303	2	2	1	0	0	28	2196	0	1	1	0
1314	1	1	1	0	0	28	2196	0	1	1	0
1314	2	2	1	0	0	28	2196	0	1	1	0
1403	1	1	1	0	0	28	2196	0	1	1	0
1403	2	2	1	0	0	28	2196	0	1	1	0
1414	1	1	1	0	0	28	2196	0	1	1	0
1414	2	2	1	0	0	28	2196	0	1	1	0
1503	1	1	1	0	0	28	2196	0	1	1	0
1503	2	2	1	0	0	28	2196	0	1	1	0
1514	1	1	1	0	0	28	2196	0	1	1	0
1514	2	2	1	0	0	28	2196	0	1	1	0
1603	1	1	1	0	0	28	2196	0	1	1	0
1603	2	2	1	0	0	28	2196	0	1	1	0
1614	1	1	1	0	0	28	2196	0	1	1	0
1614	2	2	1	0	0	28	2196	0	1	1	0
1703	1	1	1	0	0	28	2196	0	1	1	0
1703	2	2	1	0	0	28	2196	0	1	1	0
1714	1	1	1	0	0	28	2196	0	1	1	0
1714	2	2	1	0	0	28	2196	0	1	1	0
1803	1	1	1	0	0	28	2196	0	1	1	0
1803	2	2	1	0	0	28	2196	0	1	1	0
1814	1	1	1	0	0	28	2196	0	1	1	0
1814	2	2	1	0	0	28	2196	0	1	1	0
1903	1	1	1	0	0	28	2196	0	1	1	0
1903	2	2	1	0	0	28	2196	0	1	1	0
1914	1	1	1	0	0	28	2196	0	1	1	0
1914	2	2	1	0	0	28	2196	0	1	1	0
2003	1	1	1	0	0	28	2196	0	1	1	0
2003	2	2	1	0	0	28	2196	0	1	1	0
2014	1	1	1	0	0	28	2196	0	1	1	0
2014	2	2	1	0	0	28	2196	0	1	1	0
2103	1	1	1	0	0	28	2196	0	1	1	0
2103	2	2	1	0	0	28	2196	0	1	1	0
2114	1	1	1	0	0	28	2196	0	1	1	0
2114	2	2	1	0	0	28	2196	0	1	1	0
2203	1	1	1	0	0	28	2196	0	1	1	0
2203	2	2	1	0	0	28	2196	0	1	1	0
2214	1	1	1	0	0	28	2196	0	1	1	0
2214	2	2	1	0	0	28	2196	0	1	1	0
2303	1	1	1	0	0	28	2196	0	1	1	0
2303	2	2	1	0	0	28	2196	0	1	1	0
2314	1	1	1	0	0	28	2196	0	1	1	0
2314	2	2	1	0	0	28	2196	0	1	1	0
2403	1	1	1	0	0	28	2196	0	1	1	0
2403	2	2	1	0	0	28	2196	0	1	1	0
2414	1	1	1	0	0	28	2196	0	1	1	0
2414	2	2	1	0	0	28	2196	0	1	1	0
2503	1	1	1	0	0	28	2196	0	1	1	0
2503	2	2	1	0	0	28	2196	0	1	1	0
2514	1	1	1	0	0	28	2196	0	1	1	0
2514	2	2	1	0	0	28	2196	0	1	1	0
2603	1	1	1	0	0	28	2196	0	1	1	0
2603	2	2	1	0	0	28	2196	0	1	1	0
2614	1	1	1	0	0	28	2196	0	1	1	0
2614	2	2	1	0	0	28	2196	0	1	1	0
2703	1	1	1	0	0	28	2196	0	1	1	0
2703	2	2	1	0	0	28	2196	0	1	1	0
2714	1	1	1	0	0	28	2196	0	1	1	0
2714	2	2	1	0	0	28	2196	0	1	1	0
2803	1	1	1	0	0	28	2196	0	1	1	0
2803	2	2	1	0	0	28	2196	0	1	1	0
2814	1	1	1	0	0	28	2196	0	1	1	0
2814	2	2	1	0	0	28	2196	0	1	1	0
2903	1	1	1	0	0	28	2196	0	1	1	0
2903	2	2	1	0	0	28	2196	0	1	1	0
2914	1	1	1	0	0	28	2196	0	1	1	0
2914	2	2	1	0	0	28	2196	0	1	1	0
3003	1	1	1	0	0	28	2196	0	1	1	0
3003	2	2	1	0	0	28	2196	0	1	1	0
3014	1	1	1	0	0	28	2196	0	1	1	0
3014	2	2	1	0	0	28	2196	0	1	1	0
3103	1	1	1	0	0	28	2196	0	1	1	0
3103	2	2	1	0	0	28	2196	0	1	1	0
3114	1	1	1	0	0	28	2196	0	1	1	0
3114	2	2	1	0	0	28	2196	0	1	1	0
3203	1	1	1	0	0	28	2196	0	1	1	0
3203	2	2	1	0	0	28	2196	0	1	1	0
3214	1	1	1	0	0	28	2196	0	1	1	0
3214	2	2	1	0	0	28	2196	0	1	1	0
3303	1	1	1	0	0	28	2196	0	1	1	0
3303	2	2	1	0	0	28	2196	0	1	1	0
3314	1	1	1	0	0	28	2196	0	1	1	0
3314	2	2	1	0	0	28	2196	0	1	1	0
3403	1	1	1	0	0	28	2196	0	1	1	0
3403	2	2	1	0	0	28	2196	0	1	1	0
3414	1	1	1	0	0	28	2196	0	1	1	0
3414	2	2	1	0	0	28	2196	0	1	1	0
3503	1	1	1	0	0	28	2196	0	1	1	0
3503	2	2	1	0	0	28	2196	0	1	1	0
3514	1	1	1	0	0	28	2196	0	1	1	0
3514	2	2	1	0	0	28	2196	0	1	1	0
3603	1	1	1	0	0	28	2196	0	1	1	0
3603	2	2	1	0	0	28	2196	0	1	1	0
3614	1	1	1	0	0	28	2196	0	1	1	0
3614	2	2	1	0	0	28	2196	0	1	1	0
3703	1	1	1	0	0	28	2196	0	1	1	0
3703	2	2	1	0	0	28	2196	0	1	1	0
3714	1	1	1	0	0	28	2196	0	1	1	0
3714	2	2	1	0	0	28	2196	0	1	1	0
3803	1	1	1	0	0	28	2196	0	1	1	0
3803	2	2	1	0	0	28	2196	0	1	1	0
3814	1	1	1	0	0	28	2196	0	1	1	0
3814	2	2	1	0	0	28	2196	0	1	1	0
3903	1	1	1	0	0	28	2196	0	1	1	0
3903	2	2	1	0	0	28	2196	0	1	1	0
3914	1	1	1	0	0	28	2196	0	1	1	0
3914	2	2	1	0	0	28	2196	0	1	1	0
4003	1	1	1	0	0	28	2196	0	1	1	0
4003	2	2	1	0	0	28	2196	0	1	1	0
4014	1	1	1	0	0	28	2196	0	1	1	0
4014	2	2	1	0	0	28	2196	0	1	1	0
4103	1	1	1	0	0	28	2196	0	1	1	0
4103	2	2	1	0	0	28	2196	0	1	1	0
4114	1	1	1	0	0	28	2196	0	1	1	0
4114	2	2	1	0	0	28	2196	0	1	1	0
4203	1	1	1	0	0	28	2196	0	1	1	0
4203	2	2	1	0	0	28	2196	0	1	1	0
4214	1	1	1	0	0	28	2196	0	1	1	0
4214	2	2	1	0	0	28	2196	0	1	1	0
4303	1	1	1	0	0	28	2196	0	1	1	0
4303	2	2	1	0	0	28	2196	0	1	1	0
4314	1	1	1	0	0	28	2196	0	1	1	0
4314	2	2	1	0	0	28	2196	0	1	1	0
4403	1	1	1	0	0	28	2196	0	1	1	0
4403	2	2	1	0	0	28	2196	0	1	1	0
4414	1	1	1	0	0	28	2196	0	1	1	0
4414	2	2	1	0	0	28	2196	0	1	1	0
4503	1	1	1	0	0	28	2196	0	1	1	0
4503	2	2	1	0	0	28	2196	0	1	1	0
4514	1	1	1	0	0	28	2196	0	1	1	0
4514	2	2	1	0	0	28	2196	0	1	1	0
4603	1	1	1	0	0	28	2196	0	1	1	0
4603	2	2	1	0	0	28	2196	0	1	1	0
4614	1	1	1	0	0	28	2196	0	1	1	0
4614	2	2	1	0	0	28	2196	0	1	1	0
4703	1	1	1	0	0	28	2196	0	1	1	0
4703	2	2	1	0	0	28	2196	0	1	1	0
4714	1	1	1	0	0	28	2196	0	1	1	0
4714	2	2	1	0	0	28	2196	0	1	1	0
4803	1	1	1	0	0	28	2196	0	1	1	0
4803	2	2	1	0	0	28	2196	0	1	1	0
4814	1	1	1	0	0	28	2196	0	1	1	0
4814	2	2	1	0	0	28	2196	0	1	1	0
4903	1	1	1	0	0	28	2196	0	1	1	0
4903	2	2	1	0	0	28	2196	0	1	1	0
4914	1	1	1	0	0	28	2196	0	1	1	0
4914	2	2	1	0	0	28	2196	0	1	1	0
5003	1	1	1	0	0	28	2196	0	1	1	0
5003	2	2	1	0	0	28	2196	0	1	1	0
5014	1	1	1	0	0	28	2196	0	1	1	0
5014	2	2	1	0	0	28	2196	0	1	1	0
5103	1	1	1	0	0	28	2196	0	1	1	0
5103	2	2	1	0	0	28	2196	0	1	1	0
5114	1	1	1	0	0	28	2196	0	1	1	0
5114	2	2	1	0	0	28	2196	0	1	1	0
5203	1	1	1	0	0	28	2196	0	1	1	0
5203	2	2	1	0	0	28	2196	0	1	1	0
5214	1	1	1	0	0	28	2196	0	1	1	0
5214	2	2	1	0	0	28	2196	0	1	1	0
5303	1	1	1	0	0	28	2196	0	1	1	0
5303	2	2	1	0	0	28	2196	0	1	1	0
5314	1	1	1	0	0	28	2196	0	1	1	0
5314	2	2	1	0	0	28	2196	0	1	1	0
5403	1	1	1	0	0	28	2196	0	1	1	0
5403	2	2	1	0	0	28	2196	0	1	1	0
5414	1	1	1	0	0	28	2196	0	1	1	0
5414	2	2	1	0	0	28	2196	0	1	1	0
5503	1	1	1	0	0	28	2196	0	1	1	0
5503	2	2	1	0	0	28	2196	0	1	1	0
5514	1	1	1	0	0	28	2196	0	1	1	0
5514	2	2	1	0	0	28	2196	0	1	1	0
5603	1	1	1	0	0	28	2196	0	1	1	0
5603	2	2	1	0	0	28	2196	0	1	1	0
5614	1	1	1	0	0	28	2196	0	1	1	0
5614	2	2	1	0	0	28	2196	0	1	1	0
5703	1	1	1	0	0	28	2196	0	1	1	0
5703	2	2	1	0	0	28	2196	0	1	1	0
5714	1	1	1	0	0	28	2196	0	1	1	0
5714	2	2	1	0	0	28	2196	0	1	1	0
5803	1	1	1	0	0	28	2196	0	1	1	0
5803	2	2	1	0	0	28	2196	0	1	1	0
5814	1	1	1	0	0	28	2196	0	1	1	0
5814	2	2	1	0	0	28	2196	0	1	1	0
5903	1	1	1	0	0	28	2196	0	1	1	0
5903	2	2	1	0	0	28	2196	0	1	1	0
5914	1	1	1	0	0	28	2196	0	1	1	0
5914	2	2	1	0	0	28	2196	0	1	1	0
6003	1	1	1	0	0	28	2196	0	1	1	0
6003	2	2	1	0	0	28	2196	0	1	1	0
6014	1	1	1	0	0	28	2196	0	1	1	0
6014	2	2	1	0	0	28	2196	0	1	1	0
6103	1	1	1	0	0	28	2196	0	1	1	0
6103	2	2	1	0	0	28	2196	0	1	1	0
6114	1	1	1	0	0	28	2196	0	1	1	0
6114	2	2	1	0	0	28	2196	0	1	1	0
6203	1	1	1	0	0	28	2196	0	1	1	0
6203	2	2	1	0	0	28	2196	0	1	1	0
6214	1	1	1	0	0	28	2196	0	1	1	0
6214	2	2	1	0	0	28	2196	0	1	1	0
6303	1	1	1	0	0	28	2196	0	1	1	0
6303	2	2	1	0	0	28	2196	0	1	1	0
6314	1	1	1	0	0	28	2196	0	1	1	0
6314	2	2	1	0	0	28	2196	0	1	1	0
6403	1	1	1	0	0	28	2196	0	1	1	0
6403	2	2	1	0	0	28	2196	0	1	1	0
6414	1	1	1	0	0	28	2196	0	1	1	0
6414	2	2	1	0	0	28	2196	0	1	1	0
6503	1	1	1	0	0	28	2196	0	1	1	0
6503	2	2	1	0	0	28	2196	0	1	1	0
6514	1	1	1	0	0	28	2196	0	1	1	0
6514	2	2	1	0	0	28	2196	0	1	1	0
6603	1	1	1	0	0	28	2196	0	1	1	0
6603	2	2	1	0	0	28	2196	0	1	1	0
6614	1	1	1	0	0	28	2196	0	1	1	0
6614	2	2	1	0	0	28	2196	0	1	1	0
6703	1	1	1	0	0	28	2196	0	1	1	0
6703	2	2	1	0	0	28	2196	0	1	1	0
6714	1	1	1	0	0	28	2196	0	1	1	0
6714	2	2	1	0	0	28	2196	0	1	1	0
6803	1	1	1	0	0	28	2196	0	1	1	0
6803	2	2	1	0	0	28	2196	0	1	1	0
6814	1	1	1	0	0	28	2196	0	1	1	0
6814	2	2	1	0	0	28	2196	0	1	1	0
6903	1	1	1	0	0	28	2196	0	1	1	0
6903	2	2	1	0	0	28	2196	0	1	1	0
6914	1	1	1	0	0	28	2196	0	1	1	0
6914	2	2	1	0	0	28	2196	0	1	1	0
7003	1	1	1	0	0	28	2196	0	1	1	0
7003	2	2	1	0	0	28	2196	0	1	1	0
7014	1	1	1	0	0	28	2196	0	1	1	0
7014	2	2	1	0	0	28	2196	0	1	1	0
7103	1	1	1	0	0	28	2196	0	1	1	0
7103	2	2	1	0	0	28	2196	0	1	1	0
7114	1	1	1	0	0	28	2196	0	1	1	0
7114	2	2	1	0	0	28	2196	0	1	1	0
7203	1	1	1	0	0	28	2196	0	1	1	0
7203	2	2	1	0	0	28	2196	0	1	1	0
7214	1	1	1	0	0	28	2196	0	1	1	0
7214	2	2	1	0	0	28	2196	0	1	1	0
7303	1	1	1	0	0	28	2196	0	1	1	0
7303	2	2	1	0	0	28	2196	0	1	1	0
7314	1	1	1	0	0	28	2196	0	1	1	0
7314	2	2	1	0	0	28	2196	0	1	1	0
7403	1	1	1	0	0	28	2196	0	1	1	0
7403	2	2	1	0	0	28	2196	0	1	1	0
7414	1	1	1	0	0	28	2196	0	1	1	0
7414	2	2	1	0	0	28	2196	0	1	1	0
7503	1	1	1	0	0	28	2196	0	1	1	0
7503	2	2	1	0	0	28	2196	0	1	1	0
7514	1	1	1	0	0	28	2196	0	1	1	0
7514	2	2	1	0	0	28	2196	0	1	1	0
7603	1	1	1	0	0	28	2196	0	1	1	0
7603	2	2	1	0	0	28	2196	0	1	1	0
7614	1	1	1	0	0	28	2196	0	1	1	0
7614	2	2	1	0	0	28	2196	0	1	1	0
7703	1	1	1	0	0	28	2196	0	1	1	0
7703	2	2	1	0	0	28	2196	0	1	1	0
7714	1	1	1	0	0	28	2196	0	1	1	0
7714	2	2	1	0	0	28	2196	0	1	1	0
7803	1	1	1	0	0	28	2196	0	1	1	0
7803	2	2	1	0	0	28	2196	0	1	1	0
7814	1	1	1	0	0	28	2196	0	1	1	0
7814	2	2	1	0	0	28	2196	0	1	1	0
7903	1	1	1	0	0	28	2196	0	1	1	0
7903	2	2	1	0	0	28	2196	0	1	1	0
7914	1	1	1	0	0	28	2196	0	1	1	0
7914	2	2	1	0	0	28	2196	0	1	1	0
8003	1	1	1	0	0	28	2196	0	1	1	0
8003	2	2	1	0	0	28	2196	0	1	1	0
8014	1	1	1	0	0	28	2196	0	1	1	0
8014	2	2	1	0	0	28	2196	0	1	1	0
8103	1	1	1	0	0	28	2196	0	1	1	0
8103	2	2	1	0	0	28	2196	0	1	1	0
8114	1	1	1	0	0	28	2196	0	1	1	0
8114	2	2	1	0	0	28	2196	0	1	1	0
8203	1	1	1	0	0	28	2196	0	1	1	0
8203	2	2	1	0	0	28	2196	0	1	1	0
8214	1	1	1	0	0	28	2196	0	1	1	0
8214	2	2	1	0	0	28	2196	0	1	1	0
8303	1	1	1	0	0	28	2196	0	1	1	0
8303	2	2	1	0	0	28	2196	0	1	1	0
8314	1	1	1	0	0	28	2196	0	1	1	0
8314	2	2	1	0	0	28	2196	0	1	1	0
8403	1	1	1	0	0	28	2196	0	1	1	0
8403	2	2	1	0	0	28	2196	0	1	1	0
8414	1	1	1	0	0	28	2196	0	1	1	0
8414	2	2	1	0	0	28	2196	0	1	1	0
8503	1	1	1	0	0	28	2196	0	1	1	0
8503	2	2	1	0	0	28	2196	0	1	1	0
8514	1	1	1	0	0	28	2196	0	1	1	0
8514	2	2	1	0	0	28	2196	0	1	1	0
8603	1	1	1	0	0	28	2196	0	1	1	0
8603	2	2	1	0	0	28	2196	0	1	1	0
8614	1	1	1	0	0	28	2196	0	1	1	0
8614	2	2	1	0	0	28	2196	0	1	1	0
8703	1	1	1	0	0	28	2196	0	1	1	0
8703	2	2	1	0	0	28	2196	0	1	1	0
8714	1	1	1	0	0	28	2196	0	1	1	0
8714	2	2	1	0	0	28	2196	0	1	1	0
8803	1	1	1	0	0	28	2196	0	1	1	0
8803	2	2	1	0	0	28	2196	0	1	1	0
8814	1	1	1	0	0	28	2196	0	1	1	0
8814	2	2	1	0	0	28	2196	0	1	1	0
8903	1	1	1	0	0	28	2196	0	1	1	0
8903	2	2	1	0	0	28	2196	0	1	1	0
8914	1	1	1	0	0	28	2196	0	1	1	0
8914	2	2	1	0	0	28	2196	0	1	1	0
9003	1	1	1	0	0	28	2196	0	1	1	0
9003	2	2	1	0	0	28	2196	0	1	1	0
9014	1	1	1	0	0	28	2196	0	1	1	0
9014	2	2	1	0	0	28	2196	0	1	1	0
9103	1	1	1	0	0	28	2196	0	1	1	0
9103	2	2	1	0	0	28	2196	0	1	1	0
9114	1	1	1	0	0	28	2196	0	1	1	0
9114	2	2	1	0	0	28	2196	0	1	1	0
9203	1	1	1	0	0	28	2196	0	1	1	0
9203	2	2	1	0	0	28	2196	0	1	1	0
9214	1	1	1	0	0	28	2196	0	1	1	0
9214	2	2	1	0	0	28	2196	0	1	1	0
9303	1	1	1	0	0	28	2196	0	1	1	0
9303	2	2	1	0	0	28	2196	0	1	1	0
9314	1	1	1	0	0	28	2196	0	1	1	0
9314	2	2	1	0	0	28	2196	0	1	1	0
9403	1	1	1	0	0	28	2196	0	1	1	0
9403	2	2	1	0	0	28	2196	0	1	1	0
9414	1	1	1	0	0	28	2196	0	1	1	0
9414	2	2	1	0	0	28	2196	0	1	1	0
9503	1	1	1	0	0	28	2196	0	1	1	0
9503	2	2	1	0	0	28	2196	0	1	1	0
9514	1	1	1	0	0	28	2196	0	1	1	0
9514	2	2	1	0	0	28	2196	0	1	1	0
9603	1	1	1	0	0	28	2196	0	1	1	0
9603	2	2	1	0	0	28	2196	0	1	1	0
9614	1	1	1	0	0	28	2196	0	1	1	0
9614	2	2	1	0	0	28	2196	0	1	1	0
9703	1	1	1	0	0	28	2196	0	1	1	0
9703	2	2	1	0	0	28	2196	0	1	1	0
9714	1	1	1	0	0	28	2196	0	1	1	0
9714	2	2	1	0	0	28	2196	0	1	1	0
9803	1	1	1	0	0	28	2196	0	1	1	0
9803	2	2	1	0	0	28	2196	0	1	1	0
9814	1	1	1	0	0	28	2196	0	1	1	0
9814	2	2	1	0	0	28	2196	0	1	1	0
9903	1	1	1	0	0	28	2196	0	1	1	0
9903	2	2	1	0	0	28	2196	0	1	1	0
9914	1	1	1	0	0	28	2196	0	1	1	0
9914	2	2	1	0	0	28	2196	0	1	1	0
