% time	cellId	IMSI	frame	sframe	RNTI	mcs	size	ccId
0.305	1	1	31	6	1	28	2292	0
0.305	2	2	31	6	1	28	2292	0
0.309	1	1	31	10	1	28	2292	0
0.309	2	2	31	10	1	28	2292	0
0.405	1	1	41	6	1	28	2292	0
0.405	2	2	41	6	1	28	2292	0
0.409	1	1	41	10	1	28	2292	0
0.409	2	2	41	10	1	28	2292	0
0.505	1	1	51	6	1	28	2292	0
0.505	2	2	51	6	1	28	2292	0
0.509	1	1	51	10	1	28	2292	0
0.509	2	2	51	10	1	28	2292	0
0.605	1	1	61	6	1	28	2292	0
0.605	2	2	61	6	1	28	2292	0
0.609	1	1	61	10	1	28	2292	0
0.609	2	2	61	10	1	28	2292	0
0.705	1	1	71	6	1	28	2292	0
0.705	2	2	71	6	1	28	2292	0
0.709	1	1	71	10	1	28	2292	0
0.709	2	2	71	10	1	28	2292	0
0.805	1	1	81	6	1	28	2292	0
0.805	2	2	81	6	1	28	2292	0
0.809	1	1	81	10	1	28	2292	0
0.809	2	2	81	10	1	28	2292	0
0.905	1	1	91	6	1	28	2292	0
0.905	2	2	91	6	1	28	2292	0
0.909	1	1	91	10	1	28	2292	0
0.909	2	2	91	10	1	28	2292	0
1.005	1	1	101	6	1	28	2292	0
1.005	2	2	101	6	1	28	2292	0
1.009	1	1	101	10	1	28	2292	0
1.009	2	2	101	10	1	28	2292	0
1.105	1	1	111	6	1	28	2292	0
1.105	2	2	111	6	1	28	2292	0
1.109	1	1	111	10	1	28	2292	0
1.109	2	2	111	10	1	28	2292	0
1.205	1	1	121	6	1	28	2292	0
1.205	2	2	121	6	1	28	2292	0
1.209	1	1	121	10	1	28	2292	0
1.209	2	2	121	10	1	28	2292	0
1.305	1	1	131	6	1	28	2292	0
1.305	2	2	131	6	1	28	2292	0
1.309	1	1	131	10	1	28	2292	0
1.309	2	2	131	10	1	28	2292	0
1.405	1	1	141	6	1	28	2292	0
1.405	2	2	141	6	1	28	2292	0
1.409	1	1	141	10	1	28	2292	0
1.409	2	2	141	10	1	28	2292	0
1.505	1	1	151	6	1	28	2292	0
1.505	2	2	151	6	1	28	2292	0
1.509	1	1	151	10	1	28	2292	0
1.509	2	2	151	10	1	28	2292	0
1.605	1	1	161	6	1	28	2292	0
1.605	2	2	161	6	1	28	2292	0
1.609	1	1	161	10	1	28	2292	0
1.609	2	2	161	10	1	28	2292	0
1.705	1	1	171	6	1	28	2292	0
1.705	2	2	171	6	1	28	2292	0
1.709	1	1	171	10	1	28	2292	0
1.709	2	2	171	10	1	28	2292	0
1.805	1	1	181	6	1	28	2292	0
1.805	2	2	181	6	1	28	2292	0
1.809	1	1	181	10	1	28	2292	0
1.809	2	2	181	10	1	28	2292	0
1.905	1	1	191	6	1	28	2292	0
1.905	2	2	191	6	1	28	2292	0
1.909	1	1	191	10	1	28	2292	0
1.909	2	2	191	10	1	28	2292	0
2.005	1	1	201	6	1	28	2292	0
2.005	2	2	201	6	1	28	2292	0
2.009	1	1	201	10	1	28	2292	0
2.009	2	2	201	10	1	28	2292	0
2.105	1	1	211	6	1	28	2292	0
2.105	2	2	211	6	1	28	2292	0
2.109	1	1	211	10	1	28	2292	0
2.109	2	2	211	10	1	28	2292	0
2.205	1	1	221	6	1	28	2292	0
2.205	2	2	221	6	1	28	2292	0
2.209	1	1	221	10	1	28	2292	0
2.209	2	2	221	10	1	28	2292	0
2.305	1	1	231	6	1	28	2292	0
2.305	2	2	231	6	1	28	2292	0
2.309	1	1	231	10	1	28	2292	0
2.309	2	2	231	10	1	28	2292	0
2.405	1	1	241	6	1	28	2292	0
2.405	2	2	241	6	1	28	2292	0
2.409	1	1	241	10	1	28	2292	0
2.409	2	2	241	10	1	28	2292	0
2.505	1	1	251	6	1	28	2292	0
2.505	2	2	251	6	1	28	2292	0
2.509	1	1	251	10	1	28	2292	0
2.509	2	2	251	10	1	28	2292	0
2.605	1	1	261	6	1	28	2292	0
2.605	2	2	261	6	1	28	2292	0
2.609	1	1	261	10	1	28	2292	0
2.609	2	2	261	10	1	28	2292	0
2.705	1	1	271	6	1	28	2292	0
2.705	2	2	271	6	1	28	2292	0
2.709	1	1	271	10	1	28	2292	0
2.709	2	2	271	10	1	28	2292	0
2.805	1	1	281	6	1	28	2292	0
2.805	2	2	281	6	1	28	2292	0
2.809	1	1	281	10	1	28	2292	0
2.809	2	2	281	10	1	28	2292	0
2.905	1	1	291	6	1	28	2292	0
2.905	2	2	291	6	1	28	2292	0
2.909	1	1	291	10	1	28	2292	0
2.909	2	2	291	10	1	28	2292	0
3.005	1	1	301	6	1	28	2292	0
3.005	2	2	301	6	1	28	2292	0
3.009	1	1	301	10	1	28	2292	0
3.009	2	2	301	10	1	28	2292	0
3.105	1	1	311	6	1	28	2292	0
3.105	2	2	311	6	1	28	2292	0
3.109	1	1	311	10	1	28	2292	0
3.109	2	2	311	10	1	28	2292	0
3.205	1	1	321	6	1	28	2292	0
3.205	2	2	321	6	1	28	2292	0
3.209	1	1	321	10	1	28	2292	0
3.209	2	2	321	10	1	28	2292	0
3.305	1	1	331	6	1	28	2292	0
3.305	2	2	331	6	1	28	2292	0
3.309	1	1	331	10	1	28	2292	0
3.309	2	2	331	10	1	28	2292	0
3.405	1	1	341	6	1	28	2292	0
3.405	2	2	341	6	1	28	2292	0
3.409	1	1	341	10	1	28	2292	0
3.409	2	2	341	10	1	28	2292	0
3.505	1	1	351	6	1	28	2292	0
3.505	2	2	351	6	1	28	2292	0
3.509	1	1	351	10	1	28	2292	0
3.509	2	2	351	10	1	28	2292	0
3.605	1	1	361	6	1	28	2292	0
3.605	2	2	361	6	1	28	2292	0
3.609	1	1	361	10	1	28	2292	0
3.609	2	2	361	10	1	28	2292	0
3.705	1	1	371	6	1	28	2292	0
3.705	2	2	371	6	1	28	2292	0
3.709	1	1	371	10	1	28	2292	0
3.709	2	2	371	10	1	28	2292	0
3.805	1	1	381	6	1	28	2292	0
3.805	2	2	381	6	1	28	2292	0
3.809	1	1	381	10	1	28	2292	0
3.809	2	2	381	10	1	28	2292	0
3.905	1	1	391	6	1	28	2292	0
3.905	2	2	391	6	1	28	2292	0
3.909	1	1	391	10	1	28	2292	0
3.909	2	2	391	10	1	28	2292	0
4.005	1	1	401	6	1	28	2292	0
4.005	2	2	401	6	1	28	2292	0
4.009	1	1	401	10	1	28	2292	0
4.009	2	2	401	10	1	28	2292	0
4.105	1	1	411	6	1	28	2292	0
4.105	2	2	411	6	1	28	2292	0
4.109	1	1	411	10	1	28	2292	0
4.109	2	2	411	10	1	28	2292	0
4.205	1	1	421	6	1	28	2292	0
4.205	2	2	421	6	1	28	2292	0
4.209	1	1	421	10	1	28	2292	0
4.209	2	2	421	10	1	28	2292	0
4.305	1	1	431	6	1	28	2292	0
4.305	2	2	431	6	1	28	2292	0
4.309	1	1	431	10	1	28	2292	0
4.309	2	2	431	10	1	28	2292	0
4.405	1	1	441	6	1	28	2292	0
4.405	2	2	441	6	1	28	2292	0
4.409	1	1	441	10	1	28	2292	0
4.409	2	2	441	10	1	28	2292	0
4.505	1	1	451	6	1	28	2292	0
4.505	2	2	451	6	1	28	2292	0
4.509	1	1	451	10	1	28	2292	0
4.509	2	2	451	10	1	28	2292	0
4.605	1	1	461	6	1	28	2292	0
4.605	2	2	461	6	1	28	2292	0
4.609	1	1	461	10	1	28	2292	0
4.609	2	2	461	10	1	28	2292	0
4.705	1	1	471	6	1	28	2292	0
4.705	2	2	471	6	1	28	2292	0
4.709	1	1	471	10	1	28	2292	0
4.709	2	2	471	10	1	28	2292	0
4.805	1	1	481	6	1	28	2292	0
4.805	2	2	481	6	1	28	2292	0
4.809	1	1	481	10	1	28	2292	0
4.809	2	2	481	10	1	28	2292	0
4.905	1	1	491	6	1	28	2292	0
4.905	2	2	491	6	1	28	2292	0
4.909	1	1	491	10	1	28	2292	0
4.909	2	2	491	10	1	28	2292	0
5.005	1	1	501	6	1	28	2292	0
5.005	2	2	501	6	1	28	2292	0
5.009	1	1	501	10	1	28	2292	0
5.009	2	2	501	10	1	28	2292	0
5.105	1	1	511	6	1	28	2292	0
5.105	2	2	511	6	1	28	2292	0
5.109	1	1	511	10	1	28	2292	0
5.109	2	2	511	10	1	28	2292	0
5.205	1	1	521	6	1	28	2292	0
5.205	2	2	521	6	1	28	2292	0
5.209	1	1	521	10	1	28	2292	0
5.209	2	2	521	10	1	28	2292	0
5.305	1	1	531	6	1	28	2292	0
5.305	2	2	531	6	1	28	2292	0
5.309	1	1	531	10	1	28	2292	0
5.309	2	2	531	10	1	28	2292	0
5.405	1	1	541	6	1	28	2292	0
5.405	2	2	541	6	1	28	2292	0
5.409	1	1	541	10	1	28	2292	0
5.409	2	2	541	10	1	28	2292	0
5.505	1	1	551	6	1	28	2292	0
5.505	2	2	551	6	1	28	2292	0
5.509	1	1	551	10	1	28	2292	0
5.509	2	2	551	10	1	28	2292	0
5.605	1	1	561	6	1	28	2292	0
5.605	2	2	561	6	1	28	2292	0
5.609	1	1	561	10	1	28	2292	0
5.609	2	2	561	10	1	28	2292	0
5.705	1	1	571	6	1	28	2292	0
5.705	2	2	571	6	1	28	2292	0
5.709	1	1	571	10	1	28	2292	0
5.709	2	2	571	10	1	28	2292	0
5.805	1	1	581	6	1	28	2292	0
5.805	2	2	581	6	1	28	2292	0
5.809	1	1	581	10	1	28	2292	0
5.809	2	2	581	10	1	28	2292	0
5.905	1	1	591	6	1	28	2292	0
5.905	2	2	591	6	1	28	2292	0
5.909	1	1	591	10	1	28	2292	0
5.909	2	2	591	10	1	28	2292	0
6.005	1	1	601	6	1	28	2292	0
6.005	2	2	601	6	1	28	2292	0
6.009	1	1	601	10	1	28	2292	0
6.009	2	2	601	10	1	28	2292	0
6.105	1	1	611	6	1	28	2292	0
6.105	2	2	611	6	1	28	2292	0
6.109	1	1	611	10	1	28	2292	0
6.109	2	2	611	10	1	28	2292	0
6.205	1	1	621	6	1	28	2292	0
6.205	2	2	621	6	1	28	2292	0
6.209	1	1	621	10	1	28	2292	0
6.209	2	2	621	10	1	28	2292	0
6.305	1	1	631	6	1	28	2292	0
6.305	2	2	631	6	1	28	2292	0
6.309	1	1	631	10	1	28	2292	0
6.309	2	2	631	10	1	28	2292	0
6.405	1	1	641	6	1	28	2292	0
6.405	2	2	641	6	1	28	2292	0
6.409	1	1	641	10	1	28	2292	0
6.409	2	2	641	10	1	28	2292	0
6.505	1	1	651	6	1	28	2292	0
6.505	2	2	651	6	1	28	2292	0
6.509	1	1	651	10	1	28	2292	0
6.509	2	2	651	10	1	28	2292	0
6.605	1	1	661	6	1	28	2292	0
6.605	2	2	661	6	1	28	2292	0
6.609	1	1	661	10	1	28	2292	0
6.609	2	2	661	10	1	28	2292	0
6.705	1	1	671	6	1	28	2292	0
6.705	2	2	671	6	1	28	2292	0
6.709	1	1	671	10	1	28	2292	0
6.709	2	2	671	10	1	28	2292	0
6.805	1	1	681	6	1	28	2292	0
6.805	2	2	681	6	1	28	2292	0
6.809	1	1	681	10	1	28	2292	0
6.809	2	2	681	10	1	28	2292	0
6.905	1	1	691	6	1	28	2292	0
6.905	2	2	691	6	1	28	2292	0
6.909	1	1	691	10	1	28	2292	0
6.909	2	2	691	10	1	28	2292	0
7.005	1	1	701	6	1	28	2292	0
7.005	2	2	701	6	1	28	2292	0
7.009	1	1	701	10	1	28	2292	0
7.009	2	2	701	10	1	28	2292	0
7.105	1	1	711	6	1	28	2292	0
7.105	2	2	711	6	1	28	2292	0
7.109	1	1	711	10	1	28	2292	0
7.109	2	2	711	10	1	28	2292	0
7.205	1	1	721	6	1	28	2292	0
7.205	2	2	721	6	1	28	2292	0
7.209	1	1	721	10	1	28	2292	0
7.209	2	2	721	10	1	28	2292	0
7.305	1	1	731	6	1	28	2292	0
7.305	2	2	731	6	1	28	2292	0
7.309	1	1	731	10	1	28	2292	0
7.309	2	2	731	10	1	28	2292	0
7.405	1	1	741	6	1	28	2292	0
7.405	2	2	741	6	1	28	2292	0
7.409	1	1	741	10	1	28	2292	0
7.409	2	2	741	10	1	28	2292	0
7.505	1	1	751	6	1	28	2292	0
7.505	2	2	751	6	1	28	2292	0
7.509	1	1	751	10	1	28	2292	0
7.509	2	2	751	10	1	28	2292	0
7.605	1	1	761	6	1	28	2292	0
7.605	2	2	761	6	1	28	2292	0
7.609	1	1	761	10	1	28	2292	0
7.609	2	2	761	10	1	28	2292	0
7.705	1	1	771	6	1	28	2292	0
7.705	2	2	771	6	1	28	2292	0
7.709	1	1	771	10	1	28	2292	0
7.709	2	2	771	10	1	28	2292	0
7.805	1	1	781	6	1	28	2292	0
7.805	2	2	781	6	1	28	2292	0
7.809	1	1	781	10	1	28	2292	0
7.809	2	2	781	10	1	28	2292	0
7.905	1	1	791	6	1	28	2292	0
7.905	2	2	791	6	1	28	2292	0
7.909	1	1	791	10	1	28	2292	0
7.909	2	2	791	10	1	28	2292	0
8.005	1	1	801	6	1	28	2292	0
8.005	2	2	801	6	1	28	2292	0
8.009	1	1	801	10	1	28	2292	0
8.009	2	2	801	10	1	28	2292	0
8.105	1	1	811	6	1	28	2292	0
8.105	2	2	811	6	1	28	2292	0
8.109	1	1	811	10	1	28	2292	0
8.109	2	2	811	10	1	28	2292	0
8.205	1	1	821	6	1	28	2292	0
8.205	2	2	821	6	1	28	2292	0
8.209	1	1	821	10	1	28	2292	0
8.209	2	2	821	10	1	28	2292	0
8.305	1	1	831	6	1	28	2292	0
8.305	2	2	831	6	1	28	2292	0
8.309	1	1	831	10	1	28	2292	0
8.309	2	2	831	10	1	28	2292	0
8.405	1	1	841	6	1	28	2292	0
8.405	2	2	841	6	1	28	2292	0
8.409	1	1	841	10	1	28	2292	0
8.409	2	2	841	10	1	28	2292	0
8.505	1	1	851	6	1	28	2292	0
8.505	2	2	851	6	1	28	2292	0
8.509	1	1	851	10	1	28	2292	0
8.509	2	2	851	10	1	28	2292	0
8.605	1	1	861	6	1	28	2292	0
8.605	2	2	861	6	1	28	2292	0
8.609	1	1	861	10	1	28	2292	0
8.609	2	2	861	10	1	28	2292	0
8.705	1	1	871	6	1	28	2292	0
8.705	2	2	871	6	1	28	2292	0
8.709	1	1	871	10	1	28	2292	0
8.709	2	2	871	10	1	28	2292	0
8.805	1	1	881	6	1	28	2292	0
8.805	2	2	881	6	1	28	2292	0
8.809	1	1	881	10	1	28	2292	0
8.809	2	2	881	10	1	28	2292	0
8.905	1	1	891	6	1	28	2292	0
8.905	2	2	891	6	1	28	2292	0
8.909	1	1	891	10	1	28	2292	0
8.909	2	2	891	10	1	28	2292	0
9.005	1	1	901	6	1	28	2292	0
9.005	2	2	901	6	1	28	2292	0
9.009	1	1	901	10	1	28	2292	0
9.009	2	2	901	10	1	28	2292	0
9.105	1	1	911	6	1	28	2292	0
9.105	2	2	911	6	1	28	2292	0
9.109	1	1	911	10	1	28	2292	0
9.109	2	2	911	10	1	28	2292	0
9.205	1	1	921	6	1	28	2292	0
9.205	2	2	921	6	1	28	2292	0
9.209	1	1	921	10	1	28	2292	0
9.209	2	2	921	10	1	28	2292	0
9.305	1	1	931	6	1	28	2292	0
9.305	2	2	931	6	1	28	2292	0
9.309	1	1	931	10	1	28	2292	0
9.309	2	2	931	10	1	28	2292	0
9.405	1	1	941	6	1	28	2292	0
9.405	2	2	941	6	1	28	2292	0
9.409	1	1	941	10	1	28	2292	0
9.409	2	2	941	10	1	28	2292	0
9.505	1	1	951	6	1	28	2292	0
9.505	2	2	951	6	1	28	2292	0
9.509	1	1	951	10	1	28	2292	0
9.509	2	2	951	10	1	28	2292	0
9.605	1	1	961	6	1	28	2292	0
9.605	2	2	961	6	1	28	2292	0
9.609	1	1	961	10	1	28	2292	0
9.609	2	2	961	10	1	28	2292	0
9.705	1	1	971	6	1	28	2292	0
9.705	2	2	971	6	1	28	2292	0
9.709	1	1	971	10	1	28	2292	0
9.709	2	2	971	10	1	28	2292	0
9.805	1	1	981	6	1	28	2292	0
9.805	2	2	981	6	1	28	2292	0
9.809	1	1	981	10	1	28	2292	0
9.809	2	2	981	10	1	28	2292	0
9.905	1	1	991	6	1	28	2292	0
9.905	2	2	991	6	1	28	2292	0
9.909	1	1	991	10	1	28	2292	0
9.909	2	2	991	10	1	28	2292	0
