% time	cellId	IMSI	RNTI	layer	mcs	size	rv	ndi	ccId
311	1	1	1	0	28	2292	0	1	0
311	2	2	1	0	28	2292	0	1	0
315	1	1	1	0	28	2292	0	1	0
315	2	2	1	0	28	2292	0	1	0
411	1	1	1	0	28	2292	0	1	0
411	2	2	1	0	28	2292	0	1	0
415	1	1	1	0	28	2292	0	1	0
415	2	2	1	0	28	2292	0	1	0
511	1	1	1	0	28	2292	0	1	0
511	2	2	1	0	28	2292	0	1	0
515	1	1	1	0	28	2292	0	1	0
515	2	2	1	0	28	2292	0	1	0
611	1	1	1	0	28	2292	0	1	0
611	2	2	1	0	28	2292	0	1	0
615	1	1	1	0	28	2292	0	1	0
615	2	2	1	0	28	2292	0	1	0
711	1	1	1	0	28	2292	0	1	0
711	2	2	1	0	28	2292	0	1	0
715	1	1	1	0	28	2292	0	1	0
715	2	2	1	0	28	2292	0	1	0
811	1	1	1	0	28	2292	0	1	0
811	2	2	1	0	28	2292	0	1	0
815	1	1	1	0	28	2292	0	1	0
815	2	2	1	0	28	2292	0	1	0
911	1	1	1	0	28	2292	0	1	0
911	2	2	1	0	28	2292	0	1	0
915	1	1	1	0	28	2292	0	1	0
915	2	2	1	0	28	2292	0	1	0
1011	1	1	1	0	28	2292	0	1	0
1011	2	2	1	0	28	2292	0	1	0
1015	1	1	1	0	28	2292	0	1	0
1015	2	2	1	0	28	2292	0	1	0
1111	1	1	1	0	28	2292	0	1	0
1111	2	2	1	0	28	2292	0	1	0
1115	1	1	1	0	28	2292	0	1	0
1115	2	2	1	0	28	2292	0	1	0
1211	1	1	1	0	28	2292	0	1	0
1211	2	2	1	0	28	2292	0	1	0
1215	1	1	1	0	28	2292	0	1	0
1215	2	2	1	0	28	2292	0	1	0
1311	1	1	1	0	28	2292	0	1	0
1311	2	2	1	0	28	2292	0	1	0
1315	1	1	1	0	28	2292	0	1	0
1315	2	2	1	0	28	2292	0	1	0
1411	1	1	1	0	28	2292	0	1	0
1411	2	2	1	0	28	2292	0	1	0
1415	1	1	1	0	28	2292	0	1	0
1415	2	2	1	0	28	2292	0	1	0
1511	1	1	1	0	28	2292	0	1	0
1511	2	2	1	0	28	2292	0	1	0
1515	1	1	1	0	28	2292	0	1	0
1515	2	2	1	0	28	2292	0	1	0
1611	1	1	1	0	28	2292	0	1	0
1611	2	2	1	0	28	2292	0	1	0
1615	1	1	1	0	28	2292	0	1	0
1615	2	2	1	0	28	2292	0	1	0
1711	1	1	1	0	28	2292	0	1	0
1711	2	2	1	0	28	2292	0	1	0
1715	1	1	1	0	28	2292	0	1	0
1715	2	2	1	0	28	2292	0	1	0
1811	1	1	1	0	28	2292	0	1	0
1811	2	2	1	0	28	2292	0	1	0
1815	1	1	1	0	28	2292	0	1	0
1815	2	2	1	0	28	2292	0	1	0
1911	1	1	1	0	28	2292	0	1	0
1911	2	2	1	0	28	2292	0	1	0
1915	1	1	1	0	28	2292	0	1	0
1915	2	2	1	0	28	2292	0	1	0
2011	1	1	1	0	28	2292	0	1	0
2011	2	2	1	0	28	2292	0	1	0
2015	1	1	1	0	28	2292	0	1	0
2015	2	2	1	0	28	2292	0	1	0
2111	1	1	1	0	28	2292	0	1	0
2111	2	2	1	0	28	2292	0	1	0
2115	1	1	1	0	28	2292	0	1	0
2115	2	2	1	0	28	2292	0	1	0
2211	1	1	1	0	28	2292	0	1	0
2211	2	2	1	0	28	2292	0	1	0
2215	1	1	1	0	28	2292	0	1	0
2215	2	2	1	0	28	2292	0	1	0
2311	1	1	1	0	28	2292	0	1	0
2311	2	2	1	0	28	2292	0	1	0
2315	1	1	1	0	28	2292	0	1	0
2315	2	2	1	0	28	2292	0	1	0
2411	1	1	1	0	28	2292	0	1	0
2411	2	2	1	0	28	2292	0	1	0
2415	1	1	1	0	28	2292	0	1	0
2415	2	2	1	0	28	2292	0	1	0
2511	1	1	1	0	28	2292	0	1	0
2511	2	2	1	0	28	2292	0	1	0
2515	1	1	1	0	28	2292	0	1	0
2515	2	2	1	0	28	2292	0	1	0
2611	1	1	1	0	28	2292	0	1	0
2611	2	2	1	0	28	2292	0	1	0
2615	1	1	1	0	28	2292	0	1	0
2615	2	2	1	0	28	2292	0	1	0
2711	1	1	1	0	28	2292	0	1	0
2711	2	2	1	0	28	2292	0	1	0
2715	1	1	1	0	28	2292	0	1	0
2715	2	2	1	0	28	2292	0	1	0
2811	1	1	1	0	28	2292	0	1	0
2811	2	2	1	0	28	2292	0	1	0
2815	1	1	1	0	28	2292	0	1	0
2815	2	2	1	0	28	2292	0	1	0
2911	1	1	1	0	28	2292	0	1	0
2911	2	2	1	0	28	2292	0	1	0
2915	1	1	1	0	28	2292	0	1	0
2915	2	2	1	0	28	2292	0	1	0
3011	1	1	1	0	28	2292	0	1	0
3011	2	2	1	0	28	2292	0	1	0
3015	1	1	1	0	28	2292	0	1	0
3015	2	2	1	0	28	2292	0	1	0
3111	1	1	1	0	28	2292	0	1	0
3111	2	2	1	0	28	2292	0	1	0
3115	1	1	1	0	28	2292	0	1	0
3115	2	2	1	0	28	2292	0	1	0
3211	1	1	1	0	28	2292	0	1	0
3211	2	2	1	0	28	2292	0	1	0
3215	1	1	1	0	28	2292	0	1	0
3215	2	2	1	0	28	2292	0	1	0
3311	1	1	1	0	28	2292	0	1	0
3311	2	2	1	0	28	2292	0	1	0
3315	1	1	1	0	28	2292	0	1	0
3315	2	2	1	0	28	2292	0	1	0
3411	1	1	1	0	28	2292	0	1	0
3411	2	2	1	0	28	2292	0	1	0
3415	1	1	1	0	28	2292	0	1	0
3415	2	2	1	0	28	2292	0	1	0
3511	1	1	1	0	28	2292	0	1	0
3511	2	2	1	0	28	2292	0	1	0
3515	1	1	1	0	28	2292	0	1	0
3515	2	2	1	0	28	2292	0	1	0
3611	1	1	1	0	28	2292	0	1	0
3611	2	2	1	0	28	2292	0	1	0
3615	1	1	1	0	28	2292	0	1	0
3615	2	2	1	0	28	2292	0	1	0
3711	1	1	1	0	28	2292	0	1	0
3711	2	2	1	0	28	2292	0	1	0
3715	1	1	1	0	28	2292	0	1	0
3715	2	2	1	0	28	2292	0	1	0
3811	1	1	1	0	28	2292	0	1	0
3811	2	2	1	0	28	2292	0	1	0
3815	1	1	1	0	28	2292	0	1	0
3815	2	2	1	0	28	2292	0	1	0
3911	1	1	1	0	28	2292	0	1	0
3911	2	2	1	0	28	2292	0	1	0
3915	1	1	1	0	28	2292	0	1	0
3915	2	2	1	0	28	2292	0	1	0
4011	1	1	1	0	28	2292	0	1	0
4011	2	2	1	0	28	2292	0	1	0
4015	1	1	1	0	28	2292	0	1	0
4015	2	2	1	0	28	2292	0	1	0
4111	1	1	1	0	28	2292	0	1	0
4111	2	2	1	0	28	2292	0	1	0
4115	1	1	1	0	28	2292	0	1	0
4115	2	2	1	0	28	2292	0	1	0
4211	1	1	1	0	28	2292	0	1	0
4211	2	2	1	0	28	2292	0	1	0
4215	1	1	1	0	28	2292	0	1	0
4215	2	2	1	0	28	2292	0	1	0
4311	1	1	1	0	28	2292	0	1	0
4311	2	2	1	0	28	2292	0	1	0
4315	1	1	1	0	28	2292	0	1	0
4315	2	2	1	0	28	2292	0	1	0
4411	1	1	1	0	28	2292	0	1	0
4411	2	2	1	0	28	2292	0	1	0
4415	1	1	1	0	28	2292	0	1	0
4415	2	2	1	0	28	2292	0	1	0
4511	1	1	1	0	28	2292	0	1	0
4511	2	2	1	0	28	2292	0	1	0
4515	1	1	1	0	28	2292	0	1	0
4515	2	2	1	0	28	2292	0	1	0
4611	1	1	1	0	28	2292	0	1	0
4611	2	2	1	0	28	2292	0	1	0
4615	1	1	1	0	28	2292	0	1	0
4615	2	2	1	0	28	2292	0	1	0
4711	1	1	1	0	28	2292	0	1	0
4711	2	2	1	0	28	2292	0	1	0
4715	1	1	1	0	28	2292	0	1	0
4715	2	2	1	0	28	2292	0	1	0
4811	1	1	1	0	28	2292	0	1	0
4811	2	2	1	0	28	2292	0	1	0
4815	1	1	1	0	28	2292	0	1	0
4815	2	2	1	0	28	2292	0	1	0
4911	1	1	1	0	28	2292	0	1	0
4911	2	2	1	0	28	2292	0	1	0
4915	1	1	1	0	28	2292	0	1	0
4915	2	2	1	0	28	2292	0	1	0
5011	1	1	1	0	28	2292	0	1	0
5011	2	2	1	0	28	2292	0	1	0
5015	1	1	1	0	28	2292	0	1	0
5015	2	2	1	0	28	2292	0	1	0
5111	1	1	1	0	28	2292	0	1	0
5111	2	2	1	0	28	2292	0	1	0
5115	1	1	1	0	28	2292	0	1	0
5115	2	2	1	0	28	2292	0	1	0
5211	1	1	1	0	28	2292	0	1	0
5211	2	2	1	0	28	2292	0	1	0
5215	1	1	1	0	28	2292	0	1	0
5215	2	2	1	0	28	2292	0	1	0
5311	1	1	1	0	28	2292	0	1	0
5311	2	2	1	0	28	2292	0	1	0
5315	1	1	1	0	28	2292	0	1	0
5315	2	2	1	0	28	2292	0	1	0
5411	1	1	1	0	28	2292	0	1	0
5411	2	2	1	0	28	2292	0	1	0
5415	1	1	1	0	28	2292	0	1	0
5415	2	2	1	0	28	2292	0	1	0
5511	1	1	1	0	28	2292	0	1	0
5511	2	2	1	0	28	2292	0	1	0
5515	1	1	1	0	28	2292	0	1	0
5515	2	2	1	0	28	2292	0	1	0
5611	1	1	1	0	28	2292	0	1	0
5611	2	2	1	0	28	2292	0	1	0
5615	1	1	1	0	28	2292	0	1	0
5615	2	2	1	0	28	2292	0	1	0
5711	1	1	1	0	28	2292	0	1	0
5711	2	2	1	0	28	2292	0	1	0
5715	1	1	1	0	28	2292	0	1	0
5715	2	2	1	0	28	2292	0	1	0
5811	1	1	1	0	28	2292	0	1	0
5811	2	2	1	0	28	2292	0	1	0
5815	1	1	1	0	28	2292	0	1	0
5815	2	2	1	0	28	2292	0	1	0
5911	1	1	1	0	28	2292	0	1	0
5911	2	2	1	0	28	2292	0	1	0
5915	1	1	1	0	28	2292	0	1	0
5915	2	2	1	0	28	2292	0	1	0
6011	1	1	1	0	28	2292	0	1	0
6011	2	2	1	0	28	2292	0	1	0
6015	1	1	1	0	28	2292	0	1	0
6015	2	2	1	0	28	2292	0	1	0
6111	1	1	1	0	28	2292	0	1	0
6111	2	2	1	0	28	2292	0	1	0
6115	1	1	1	0	28	2292	0	1	0
6115	2	2	1	0	28	2292	0	1	0
6211	1	1	1	0	28	2292	0	1	0
6211	2	2	1	0	28	2292	0	1	0
6215	1	1	1	0	28	2292	0	1	0
6215	2	2	1	0	28	2292	0	1	0
6311	1	1	1	0	28	2292	0	1	0
6311	2	2	1	0	28	2292	0	1	0
6315	1	1	1	0	28	2292	0	1	0
6315	2	2	1	0	28	2292	0	1	0
6411	1	1	1	0	28	2292	0	1	0
6411	2	2	1	0	28	2292	0	1	0
6415	1	1	1	0	28	2292	0	1	0
6415	2	2	1	0	28	2292	0	1	0
6511	1	1	1	0	28	2292	0	1	0
6511	2	2	1	0	28	2292	0	1	0
6515	1	1	1	0	28	2292	0	1	0
6515	2	2	1	0	28	2292	0	1	0
6611	1	1	1	0	28	2292	0	1	0
6611	2	2	1	0	28	2292	0	1	0
6615	1	1	1	0	28	2292	0	1	0
6615	2	2	1	0	28	2292	0	1	0
6711	1	1	1	0	28	2292	0	1	0
6711	2	2	1	0	28	2292	0	1	0
6715	1	1	1	0	28	2292	0	1	0
6715	2	2	1	0	28	2292	0	1	0
6811	1	1	1	0	28	2292	0	1	0
6811	2	2	1	0	28	2292	0	1	0
6815	1	1	1	0	28	2292	0	1	0
6815	2	2	1	0	28	2292	0	1	0
6911	1	1	1	0	28	2292	0	1	0
6911	2	2	1	0	28	2292	0	1	0
6915	1	1	1	0	28	2292	0	1	0
6915	2	2	1	0	28	2292	0	1	0
7011	1	1	1	0	28	2292	0	1	0
7011	2	2	1	0	28	2292	0	1	0
7015	1	1	1	0	28	2292	0	1	0
7015	2	2	1	0	28	2292	0	1	0
7111	1	1	1	0	28	2292	0	1	0
7111	2	2	1	0	28	2292	0	1	0
7115	1	1	1	0	28	2292	0	1	0
7115	2	2	1	0	28	2292	0	1	0
7211	1	1	1	0	28	2292	0	1	0
7211	2	2	1	0	28	2292	0	1	0
7215	1	1	1	0	28	2292	0	1	0
7215	2	2	1	0	28	2292	0	1	0
7311	1	1	1	0	28	2292	0	1	0
7311	2	2	1	0	28	2292	0	1	0
7315	1	1	1	0	28	2292	0	1	0
7315	2	2	1	0	28	2292	0	1	0
7411	1	1	1	0	28	2292	0	1	0
7411	2	2	1	0	28	2292	0	1	0
7415	1	1	1	0	28	2292	0	1	0
7415	2	2	1	0	28	2292	0	1	0
7511	1	1	1	0	28	2292	0	1	0
7511	2	2	1	0	28	2292	0	1	0
7515	1	1	1	0	28	2292	0	1	0
7515	2	2	1	0	28	2292	0	1	0
7611	1	1	1	0	28	2292	0	1	0
7611	2	2	1	0	28	2292	0	1	0
7615	1	1	1	0	28	2292	0	1	0
7615	2	2	1	0	28	2292	0	1	0
7711	1	1	1	0	28	2292	0	1	0
7711	2	2	1	0	28	2292	0	1	0
7715	1	1	1	0	28	2292	0	1	0
7715	2	2	1	0	28	2292	0	1	0
7811	1	1	1	0	28	2292	0	1	0
7811	2	2	1	0	28	2292	0	1	0
7815	1	1	1	0	28	2292	0	1	0
7815	2	2	1	0	28	2292	0	1	0
7911	1	1	1	0	28	2292	0	1	0
7911	2	2	1	0	28	2292	0	1	0
7915	1	1	1	0	28	2292	0	1	0
7915	2	2	1	0	28	2292	0	1	0
8011	1	1	1	0	28	2292	0	1	0
8011	2	2	1	0	28	2292	0	1	0
8015	1	1	1	0	28	2292	0	1	0
8015	2	2	1	0	28	2292	0	1	0
8111	1	1	1	0	28	2292	0	1	0
8111	2	2	1	0	28	2292	0	1	0
8115	1	1	1	0	28	2292	0	1	0
8115	2	2	1	0	28	2292	0	1	0
8211	1	1	1	0	28	2292	0	1	0
8211	2	2	1	0	28	2292	0	1	0
8215	1	1	1	0	28	2292	0	1	0
8215	2	2	1	0	28	2292	0	1	0
8311	1	1	1	0	28	2292	0	1	0
8311	2	2	1	0	28	2292	0	1	0
8315	1	1	1	0	28	2292	0	1	0
8315	2	2	1	0	28	2292	0	1	0
8411	1	1	1	0	28	2292	0	1	0
8411	2	2	1	0	28	2292	0	1	0
8415	1	1	1	0	28	2292	0	1	0
8415	2	2	1	0	28	2292	0	1	0
8511	1	1	1	0	28	2292	0	1	0
8511	2	2	1	0	28	2292	0	1	0
8515	1	1	1	0	28	2292	0	1	0
8515	2	2	1	0	28	2292	0	1	0
8611	1	1	1	0	28	2292	0	1	0
8611	2	2	1	0	28	2292	0	1	0
8615	1	1	1	0	28	2292	0	1	0
8615	2	2	1	0	28	2292	0	1	0
8711	1	1	1	0	28	2292	0	1	0
8711	2	2	1	0	28	2292	0	1	0
8715	1	1	1	0	28	2292	0	1	0
8715	2	2	1	0	28	2292	0	1	0
8811	1	1	1	0	28	2292	0	1	0
8811	2	2	1	0	28	2292	0	1	0
8815	1	1	1	0	28	2292	0	1	0
8815	2	2	1	0	28	2292	0	1	0
8911	1	1	1	0	28	2292	0	1	0
8911	2	2	1	0	28	2292	0	1	0
8915	1	1	1	0	28	2292	0	1	0
8915	2	2	1	0	28	2292	0	1	0
9011	1	1	1	0	28	2292	0	1	0
9011	2	2	1	0	28	2292	0	1	0
9015	1	1	1	0	28	2292	0	1	0
9015	2	2	1	0	28	2292	0	1	0
9111	1	1	1	0	28	2292	0	1	0
9111	2	2	1	0	28	2292	0	1	0
9115	1	1	1	0	28	2292	0	1	0
9115	2	2	1	0	28	2292	0	1	0
9211	1	1	1	0	28	2292	0	1	0
9211	2	2	1	0	28	2292	0	1	0
9215	1	1	1	0	28	2292	0	1	0
9215	2	2	1	0	28	2292	0	1	0
9311	1	1	1	0	28	2292	0	1	0
9311	2	2	1	0	28	2292	0	1	0
9315	1	1	1	0	28	2292	0	1	0
9315	2	2	1	0	28	2292	0	1	0
9411	1	1	1	0	28	2292	0	1	0
9411	2	2	1	0	28	2292	0	1	0
9415	1	1	1	0	28	2292	0	1	0
9415	2	2	1	0	28	2292	0	1	0
9511	1	1	1	0	28	2292	0	1	0
9511	2	2	1	0	28	2292	0	1	0
9515	1	1	1	0	28	2292	0	1	0
9515	2	2	1	0	28	2292	0	1	0
9611	1	1	1	0	28	2292	0	1	0
9611	2	2	1	0	28	2292	0	1	0
9615	1	1	1	0	28	2292	0	1	0
9615	2	2	1	0	28	2292	0	1	0
9711	1	1	1	0	28	2292	0	1	0
9711	2	2	1	0	28	2292	0	1	0
9715	1	1	1	0	28	2292	0	1	0
9715	2	2	1	0	28	2292	0	1	0
9811	1	1	1	0	28	2292	0	1	0
9811	2	2	1	0	28	2292	0	1	0
9815	1	1	1	0	28	2292	0	1	0
9815	2	2	1	0	28	2292	0	1	0
9911	1	1	1	0	28	2292	0	1	0
9911	2	2	1	0	28	2292	0	1	0
9915	1	1	1	0	28	2292	0	1	0
9915	2	2	1	0	28	2292	0	1	0
