63.9757619295425 102.23733213222063 1
66.32780627288881 103.45637180788762 1
76.65882327170422 112.52884852858428 1
77.32009417801903 105.05745342670991 1
79.25698726068099 117.19648400069556 1
74.61870603731859 100.91087262188837 1
54.509559465725374 60.84454847547529 1
56.98032264382888 47.69810824171472 1
40.57701444827553 64.71692969612153 1
37.55035795205447 92.97899352115799 1
34.64720200043766 98.68740310992318 1
10.0 94.12962377188222 1
13.719104816438701 93.4418840808588 1
10.0 88.70660792438765 1
26.463626609889356 67.74462315045356 1
39.98849900486165 71.48324232474272 1
58.73845769812879 28.590420905578377 1
37.10955488868543 34.594349426595564 1
48.27363416410279 10.0 1
54.27577953598961 23.22266323479588 1
55.8385493761425 44.1083056122093 1
92.84092351664171 26.395007585662988 1
56.85786937988468 43.325216024792326 1
62.74202421600375 39.99632387222599 1
94.69314411876695 43.532500397195534 1
92.8055141484902 39.58585343107697 1
53.68734750073331 66.1864651860062 1
51.02367494438576 92.52641245536984 1
47.18854325611173 91.23516209563596 1
39.93782618959271 51.5390206936525 1
14.42853871835943 74.55215364985615 1
26.794198181808355 78.13755956774125 1
28.022927846766333 81.60431140288159 1
42.36134749332508 102.41684292443713 1
50.443704517078636 97.2094390428604 1
34.50430225452813 50.61268099799718 1
50.52097988667805 86.00654277213529 1
71.49999899812198 116.55172723685551 1
43.849800893492215 92.62940662416854 1
40.62915336739201 73.60894009573889 1
13.230555378014188 81.40143025482483 1
28.065913503921895 99.21065333494633 1
10.836154745491193 92.35765164042932 1
10.0 90.23394747446264 1
19.99538691602575 64.84720542883444 1
10.0 63.03484305118436 1
25.854609390291003 60.16008714501419 1
10.0 72.14875608117639 1
23.48284046120866 82.34398111822513 1
10.0 93.04999997990268 1
32.418298196716265 110.85119877264137 1
10.0 106.66486538436692 1
26.6081704995476 103.56349979138918 1
10.0 105.04379774222409 1
24.36086414506616 106.32379169259562 1
20.049842724862987 110.82275312573891 1
19.131412622859195 110.55968085115485 1
10.0 115.11681081600321 1
43.715074880703234 131.9426826007622 1
26.74267540901268 129.6588371659778 1
69.54126780142468 144.77512462191638 1
71.11292216965766 144.8059525195486 1
80.90723075257951 135.45701260983626 1
55.45267789559601 108.8200497301725 1
80.63571328221992 148.6596859701854 1
75.56782372292517 152.2940166505204 1
70.66120448137329 104.61116888318949 1
63.35195909186597 117.73540436457013 1
99.49725220165138 128.09297222825398 1
66.13959355147364 147.23883869659633 1
61.77265357923378 176.82899982669366 1
59.316553977864125 175.57694675330197 1
50.519496799236265 173.57977988393245 1
51.47842220837379 151.11244485470715 1
28.908912312112367 113.67338833312027 1
47.638097437233114 148.2802144972983 1
73.20965597798332 179.41070244646573 1
77.91806797349896 197.02468896121138 1
70.34895309010072 210.0 1
63.37781403666896 198.04976553978346 1
47.036286636252775 209.24475981681698 1
46.768561453956195 210.0 1
33.03861672862976 171.26846985218862 1
11.598086704197158 166.9908492651575 1
22.950026700555227 175.584584585875 1
14.580771857770609 149.31961572212427 1
10.27825680417352 141.76067657754692 1
29.661543613391718 182.6966999801444 1
59.52863250341649 210.0 1
62.31017062837111 207.45722891769114 1
47.63518824271637 210.0 1
42.18742269298994 209.05605197069374 1
10.0 205.6244634772327 1
20.375822568681997 204.51826887207602 1
26.579651835193637 210.0 1
29.577886908780496 207.35074615601792 1
34.624439681615925 204.6593375775223 1
10.0 200.8516074904464 1
31.885531770023434 197.4674006264588 1
41.88140814972057 185.84205371689671 1
44.37438726326522 196.73590871348767 1
46.86115512236145 210.0 1
48.60134285327619 200.7180685024172 1
45.0859188295439 195.98169493176783 1
64.77774945425509 166.92522741192383 1
85.86056953766797 169.6886752664258 1
97.28823872269525 186.72762219648638 1
91.67783221437806 210.0 1
85.72339123912953 185.30054198759476 1
58.975070720096184 205.8458438949067 1
73.25849418503583 186.59071697728277 1
87.27280033060975 210.0 1
92.37686415731429 201.47424970995976 1
81.24114028292298 210.0 1
71.31043230283998 202.39683585939082 1
66.98384400736735 207.18814075403844 1
30.33773686268757 205.81468103022885 1
27.98754654507474 191.48002260802159 1
50.968005337695615 168.0938025549344 1
17.518645720740466 158.07817769079605 1
30.495620563574253 165.69119224160622 1
10.0 155.99444453273574 1
11.073776081847237 155.48642694287085 1
21.183208735746376 192.30420063070187 1
19.251245628642494 210.0 1
18.748776101336098 205.3976347106705 1
10.0 189.37439802514328 1
14.694699222815888 180.77613514320126 1
26.200042797432847 206.10035611515988 1
27.61108015664915 210.0 1
41.40584407173106 171.87580265476456 1
17.19133766907068 164.602093844029 1
40.85739444885935 142.02914838150798 1
29.464730943554528 131.59885548089062 1
34.22725198583165 127.14209447996656 1
77.57945542768496 110.81528324747197 1
53.983247935773846 107.1637688609468 1
81.64880787568798 108.9335337613785 1
122.75139170382634 132.5961282791086 1
121.78937079968264 132.0728911166774 1
130.61137673994904 126.9700263367323 1
119.898403033772 172.7127369667606 1
142.0826548890937 201.39263857419147 1
176.379332339376 205.68134694462682 1
154.86323376863697 201.5480461764313 1
185.8864998636933 188.42834095750297 1
189.40518968342974 168.8473149225051 1
210.0 160.60954884887505 1
191.1922516343638 153.08659384097427 1
210.0 160.68934060395793 1
207.8300827948879 161.56649669337324 1
210.0 159.64507181711392 1
204.59768670728008 154.86141503724974 1
208.12518552800574 159.08883185059534 1
210.0 150.28578400350725 1
204.5059819879682 124.48904296318739 1
208.1936721843103 127.79780570676984 1
209.3188782846411 123.92160342238792 1
187.35282982262166 122.16925462709905 1
203.5754914176933 100.81660171178987 1
210.0 102.69753603750047 1
198.92194159159854 105.9409125628234 1
183.14253584046787 124.30288121887202 1
185.47227239670275 141.28209560124117 1
167.04132433183813 139.65342867929428 1
148.03632327351556 107.63237968618353 1
144.0494731269801 109.81336485100334 1
127.31635260116397 63.56513680929638 1
101.48683634658929 70.19466712798051 1
129.93039543520342 44.13040768322729 1
140.6463966525864 37.6633916642325 1
136.6839329451583 29.786577776462387 1
137.13535017970412 34.96749917508083 1
116.84975948371266 38.87513953947815 1
152.36786302070226 57.052480875999024 1
169.87371945928692 101.16991810538889 1
141.72444579789547 110.0966502476733 1
129.70446645910872 110.30709210544613 1
103.89649243325235 144.30079797089743 1
87.15200032356992 117.65826034017783 1
66.97772875042784 137.46937579333988 1
79.76351988410231 160.90376921482854 1
95.65164781558073 151.53413389068112 1
100.7304625628586 166.74485264133457 1
132.1295846692899 134.312215107003 1
163.10896369656385 153.1005033634145 1
168.69136034128817 132.98600915521334 1
189.4300857730122 158.5844941661183 1
210.0 122.27284069401553 1
207.94311005145627 118.64185447707841 1
210.0 121.70977430056669 1
189.4126534770644 152.4164869059028 1
210.0 150.73314093079136 1
207.2856169586238 150.51119655527307 1
209.68315452693997 173.26405497575652 1
183.65273991193752 158.00482807388101 1
171.3278659997826 124.26707061780698 1
172.80499270429556 125.22573134335695 1
184.715910150726 130.7983238283515 1
210.0 122.43838765832156 1
204.89363228253802 120.75001728655161 1
173.00104377450737 132.88160292896487 1
170.95839920788677 156.97292169936537 1
167.17756249626453 147.27552607069296 1
168.5899097140026 146.005115843243 1
160.03266404397147 145.32244752556113 1
159.56989933189874 145.00751524486603 1
130.35781787338794 154.86828632795192 1
147.69585289928526 144.15875211135076 1
104.45717760824942 138.1029927909216 1
114.51787105152054 179.90179940184447 1
104.97531205700714 178.38214068001562 1
108.90210578189284 159.77315938974726 1
74.08084849381748 182.40114680205056 1
60.89336057077035 161.19910570183407 1
58.74980708886253 123.92451405332494 1
86.19525908672857 131.15497691457082 1
73.77657895411812 100.24695056551153 1
66.63056010822694 105.3440676878914 1
21.546431021516646 100.89812251437513 1
16.847904338211436 102.24148167652308 1
29.688521838595815 124.6815490420791 1
24.601290657322206 125.65498513533963 1
29.87891367218102 131.05500475154204 1
10.0 130.7149513401228 1
23.53767651747421 130.48337263525127 1
18.201163700446614 139.9147820118068 1
10.0 130.33727983639946 1
12.782126260256447 127.08825063967546 1
10.33342392706057 124.33875503974652 1
10.0 124.91391344978962 1
25.672877407392743 151.94972737564166 1
57.628809255090786 144.8071618884448 1
25.72610878661147 116.35755643503259 1
62.49945679521308 144.46818532058114 1
86.76119918012793 132.7337142572294 1
78.93798573650739 107.23458190802486 1
97.18891009811384 129.63671168050445 1
130.3652449101633 131.59963620444506 1
128.37680899568954 133.68146994361632 1
90.78289811742667 119.36980990978005 1
103.80862064824775 118.62032085484896 1
149.60386522663853 100.2004826694488 1
128.74531410653208 107.99383393226185 1
111.91595368610348 82.29667865580797 1
110.48220153558616 109.66101859346358 1
127.37210605457948 108.45807196144003 1
167.39634048710087 100.09242722212244 1
159.31870909787355 76.22030195459456 1
129.89851798731775 86.33682669526642 1
97.47503602536091 93.06569129452157 1
65.37168224618716 67.80975733934109 1
70.75014283219312 62.18693457424864 1
72.78927393875685 68.93102022816987 1
79.48635572431361 47.385881485577016 1
107.09563993165285 55.49362135797851 1
100.71757194545715 104.5655789334107 1
100.5806332699294 81.04364569291211 1
99.09868387932414 62.47154221434566 1
99.27720393367724 59.51031406505928 1
119.48201176166717 62.303576909651234 1
106.32445643686607 82.97889087112665 1
99.32883607868706 104.95610659802583 1
101.01948320891155 99.58606179024488 1
90.68688694190642 84.73979922380526 1
85.38066261758229 98.97630451036767 1
125.25800544752843 100.17801906464486 1
114.99816946738281 141.27417032414883 1
81.48916442761706 152.29750936738213 1
46.26329123782003 152.65075549518232 1
45.872676073355265 153.22860225337814 1
37.60675926881455 148.02423790603692 1
45.37861547896693 123.7157812805082 1
50.88309372073021 140.03920253915254 1
47.63155811959147 138.39364352663512 1
39.13653327400897 169.4045228925956 1
40.00694885969311 165.87765234221214 1
56.18625322518492 133.0396538710682 1
57.898263283189856 147.20756803193044 1
21.697908232010086 143.97693279243717 1
10.0 140.78542961681995 1
25.160479463987016 136.64924412163933 1
60.32454024903395 130.89996334206128 1
79.94131005238626 129.5564284892173 1
95.63261961299929 154.97425059936117 1
115.58973007007283 164.58568807789248 1
90.18427873360012 124.53993564602156 1
90.0960603253713 117.85177952508602 1
115.18967375946629 142.80241629303043 1
112.56412862709 140.18216593073757 1
112.43474556504293 112.54703559111707 1
147.52884253774528 127.8199831509141 1
118.15036521817268 113.506636031759 1
119.95586882094676 108.50023577470215 1
166.76758120812633 102.21449626025155 1
156.88995193909963 120.8244574063898 1
166.04310284523365 98.10980517359857 1
199.37247864109074 86.75279601974573 1
210.0 92.4009582279246 1
195.59073566767415 100.05898680307071 1
194.1929916667086 107.70073213450625 1
188.14499325789046 113.24807295256251 1
155.98990478704587 109.1197456606308 1
178.60930653748795 65.68045828936471 1
180.7444018676272 57.26880775680792 1
155.96257512804848 93.52762613025953 1
121.18858859193028 83.5854612525711 1
141.47329970032976 101.47248643228583 1
173.49712382307325 100.62056735957859 1
199.45336173446975 91.14684546174519 1
197.3132580304781 98.700060302623 1
183.4258884749272 128.18462258773928 1
201.7850249691742 169.74695547006948 1
210.0 174.58149564078502 1
193.75589357478498 184.14120638310555 1
200.8149535806183 141.00108307958425 1
188.16726266272363 135.65226185868178 1
196.32168879108286 138.46177834433826 1
181.85515754525133 165.66818453503384 1
179.9528337142576 120.06278547456193 1
174.44798154551626 109.59982321724473 1
179.0264056142714 150.58215069886114 1
170.91194528670746 164.60482019955944 1
170.92005954288115 173.48723516750206 1
189.87848028920618 160.622278426813 1
193.71024951216978 169.33239674123675 1
210.0 163.65890909840326 1
188.31336538916213 156.10576372818082 1
207.11600728610333 155.38898852106163 1
207.54107769810713 143.88174812774142 1
210.0 141.1723694775927 1
208.19891883847185 139.18783713085162 1
189.4785275879067 159.56420333124365 1
191.3600639063071 159.1021133187505 1
190.3974504797189 159.6625785278748 1
202.7674185391156 118.14819272529071 1
208.2452888708328 122.25403369350133 1
210.0 123.87918598334865 1
189.11386948930135 143.2231921056679 1
178.93950787700254 115.39018921541542 1
173.16424619879976 121.7259098521874 1
148.9629348206135 98.86210042986421 1
157.56198287048943 112.02044515067487 1
139.80028426282118 115.34449214974654 1
126.60221926739543 106.88964896716729 1
132.11992234852863 104.48609473931022 1
129.63034964828782 103.64174192223307 1
138.39014420117815 103.6141689826532 1
101.54041115524021 79.34847979072416 1
65.13721347501328 74.61544617950932 1
33.94893988473065 91.02424123505956 1
30.645175504468412 87.65338485283765 1
19.32336473758636 85.13306031287591 1
16.133246767430585 100.41865280500389 1
48.50449631600644 94.86146282805204 1
45.14047519673161 55.20169821638685 1
62.560555780724656 14.130247436169839 1
13.04463206464326 13.546770766060803 1
10.75259486909482 13.717029676338736 1
43.575810027263 13.41272817108889 1
41.94187316078244 10.0 1
29.101383760124865 36.81933482692111 1
71.67649767176573 25.101647993682796 1
83.12772452068991 44.450467410966816 1
87.81331471373261 74.78617762159064 1
59.804698779642315 39.202836417641144 1
43.31475867701561 11.457297967529144 1
39.2903588659629 57.605100499336466 1
20.049565470584188 69.12819427610145 1
14.91568625497192 79.69370199396838 1
49.62758010258591 61.02407096833322 1
36.441412614520345 80.22933580970137 1
37.058640932171194 76.97319446435804 1
10.0 65.52708396874287 1
23.431745541587034 59.8453040152197 1
10.0 50.03279575279289 1
16.26052416542233 45.45919473346694 1
10.0 41.31170360310433 1
17.29002145584517 36.48218797001016 1
38.38975543773453 10.0 1
42.47382067947525 15.125893222464134 1
55.46972185450834 17.194869989345477 1
63.460941433191294 10.0 1
90.97930475273964 34.77607384633459 1
43.58532561685064 43.61012143703502 1
47.4115230946279 43.06605630358135 1
27.20187354469423 36.920024143747796 1
54.55884183817505 10.0 1
57.26829770762133 12.666180573791664 1
59.982722562464346 33.651301342679275 1
51.39005731643041 10.0 1
50.78945371141828 11.653160741505419 1
60.204092673652276 10.0 1
79.65754608822141 13.415923393416994 1
80.70806140337241 10.0 1
81.33872997016292 12.050722611771521 1
93.18148476782912 12.68371623931497 1
107.26424013771066 10.0 1
139.84340809959826 16.20853233804509 1
130.40241090741495 61.989685810302596 1
122.95627590069667 46.279685531091665 1
99.23145283931287 40.73799625173538 1
104.34257503056999 53.6146553471804 1
109.62193234933156 64.65408991530097 1
114.64671441760011 35.62491621759145 1
105.8314652764283 13.304444092802505 1
95.50496681314604 33.76455835522647 1
91.75164497034261 33.924136262139235 1
126.41765981245413 67.49672182392788 1
125.71805980875206 67.94118018006466 1
131.55828042238142 50.145140812698386 1
164.22574103794852 60.333781324022745 1
198.7256203021696 40.55942591283327 1
196.05912242601087 19.686988435752742 1
209.63254220063598 10.0 1
210.0 10.262244851494303 1
201.8314842399368 16.091897143905022 1
206.57556869782306 10.0 1
210.0 14.397325438536873 1
192.4896603252047 36.88242012869758 1
185.03505022871622 10.0 1
179.7568167219022 29.034086133409154 1
210.0 13.132598759541642 1
205.67939454869787 10.860878471383364 1
205.73839567980042 10.0 1
208.04880803393746 43.71095127376323 1
208.3836819411319 41.515044096224685 1
175.3438746189952 36.25716833519314 1
210.0 40.36926165795464 1
197.49273242992723 41.85330094092299 1
195.53348503111658 58.665013299521135 1
199.53874059321697 58.961204462975246 1
198.86597261349866 59.18054499725929 1
204.45096663763223 74.38470940797673 1
164.3186820997351 87.15373680876618 1
198.15555961501596 109.91593399981797 1
194.66859562082593 146.2442497839775 1
200.9695950075892 123.08724274768815 1
210.0 135.2555235110826 1
196.0519634270331 154.05020938182616 1
207.69054858837887 181.43454692791593 1
210.0 185.50811438624658 1
204.66089846296856 194.92558477273442 1
210.0 194.14114322183465 1
205.67505599185904 193.50570563710815 1
210.0 194.887469229331 1
197.27040867219353 198.95440877988472 1
210.0 188.1534365298721 1
197.11513475702645 177.22071541175504 1
194.44986186235192 166.7030435680185 1
192.53259232060174 183.37080002613934 1
174.5027031934807 196.07831429428902 1
198.85911931205627 176.54589296048238 1
160.8990986498053 196.4027871557994 1
126.38258245061267 202.15800230031562 1
141.4968969881901 199.40146304414984 1
152.2713138125955 210.0 1
163.97864505217058 198.48377737568518 1
176.63541333712593 163.83479633912611 1
179.17867059604188 120.71417947587196 1
184.22164285938737 122.2980380892681 1
186.05240926150725 171.2984155525798 1
163.7128506838036 147.82572952002002 1
180.1058170330424 130.63625370273712 1
143.7193993850857 106.34470549060453 1
133.757012161204 92.09013401218185 1
133.51836895449011 88.02979355125258 1
135.08170338371772 55.85881382358326 1
143.59637864768555 36.49697174734111 1
126.9716883286579 56.90538403130145 1
129.2031295386593 51.68506785839109 1
145.7050763069063 63.412658973565726 1
147.19722252079447 44.534252824243396 1
121.9099502257861 78.07457047012186 1
119.50610830774755 55.5441776640846 1
105.58146511482394 56.271328853300815 1
103.63171430828348 37.3436864091674 1
93.1417191599952 49.602900156714156 1
73.51448906998644 43.07383169526512 1
64.97391694446158 65.67087596424356 1
57.964109883025074 61.36555891738722 1
68.53048905913681 70.76956220102674 1
76.60620647882376 116.82342786318414 1
58.66299241104706 121.9235549066945 1
57.50947666797775 165.04713917517455 1
52.09202832775708 165.3580721778487 1
48.27582399789993 164.39298125710698 1
47.304714101378536 163.87200377948534 1
49.285928444126796 164.14168641382216 1
53.27264057780159 173.63960443880083 1
73.31004918885375 170.19962073263326 1
67.47308077682723 173.71336462976814 1
25.406083887563483 199.17384686530445 1
30.86838300359504 175.94515079314726 1
19.487798634580756 190.87751571301874 1
10.0 205.03812973649187 1
13.324518684927252 210.0 1
20.300625547878454 199.58810568420972 1
15.541155454752104 171.00499631993583 1
10.0 178.77102761903038 1
27.79284364799375 203.70802529010484 1
10.0 192.7322532865289 1
14.809497448894554 189.76544547912152 1
12.318026332274242 192.340608387162 1
10.0 191.98748874944366 1
34.7327547928393 188.2197915103638 1
48.910281004059314 177.64546490401744 1
51.75402885019214 173.6727564233495 1
59.048135775734494 175.53088169171517 1
47.74868222898735 131.12498421479467 1
14.04220472027346 140.98172017962884 1
32.028723786586994 132.96458142967882 1
48.6360820793175 136.19257406206555 1
58.03911304727974 129.90785054208223 1
49.767443383629924 131.44048401056438 1
49.23933748715554 127.7586053577256 1
43.505729758538614 128.66485357150464 1
38.27395327961243 149.8726268302259 1
50.91851454771251 117.48899223004523 1
56.560223523595894 116.45972414756193 1
60.186507227225746 127.42101214548921 1
87.34008954387019 165.48690369229223 1
76.91071041678087 152.59951882812504 1
77.24528149567837 149.0382397080698 1
61.642573304410334 156.6556182038923 1
69.10514641330982 111.71273678328075 1
71.16262743056555 110.12544813956603 1
67.54605693566455 110.00572351590836 1
63.050355642667405 97.72252976614983 1
22.30757036004355 119.31472207417897 1
38.27441137366779 135.62819745154795 1
45.69044806641332 157.50992886392183 1
52.32688684805145 155.83284988822805 1
20.024151506890192 154.3735344856554 1
55.98317378835505 142.9722489828838 1
51.1184566755248 151.36269770577306 1
57.15421158062879 170.9728873391651 1
47.47223033036643 210.0 1
45.49692674169522 202.03774581857056 1
33.19738037615744 210.0 1
11.461733226292726 195.92917638897666 1
13.04681971551926 183.57777854689053 1
27.39050056012578 180.02929823310816 1
10.0 163.47639678683467 1
27.310452327936467 146.9996881156798 1
41.01201397332193 136.000368232033 1
25.360816696462884 172.56357231773023 1
10.0 158.07925800149616 1
30.189580619047767 139.0417134895189 1
14.901528853491623 128.5060010643836 1
10.0 127.84348642529378 1
32.675354454219814 124.77857449240373 1
72.05244872385008 109.19440813470021 1
70.1654467660548 110.48015775356384 1
92.70868882115809 137.2124092337536 1
121.03982608548694 153.7473137385908 1
134.88099199416416 131.87298450007532 1
115.38458301917595 154.18412924787148 1
117.12512260964175 152.38008696800466 1
126.26352668891928 148.28794632163283 1
125.99534703733806 134.46301396973524 1
132.03899697034785 124.59117924912381 1
135.1382579123229 118.16706961095754 1
129.66075912428053 119.60463289812722 1
136.5286291406823 157.16222881525394 1
158.70170246843858 189.83233024593778 1
160.80173573888288 170.32753725172648 1
201.81783909060343 176.8094482570587 1
203.0889042132148 174.8008691902476 1
182.95395569954482 162.8341333249352 1
165.2554139549096 200.9028677537981 1
163.75464274139964 201.04986323725916 1
148.80543565571242 202.55794568208785 1
154.82807888228635 162.75180542391803 1
168.71149920204067 165.28760096847722 1
153.42660099109082 137.40574641554412 1
165.6392207016138 157.76996763540805 1
178.24044853745903 186.5325963944654 1
