1 1173 272
2 243 698
3 1544 636
4 720 65
5 574 1057
6 809 1619
7 1393 1108
8 523 1768
9 482 16
10 382 1665
11 1309 17
12 921 1727
13 740 677
14 1360 538
15 637 1143
16 645 1811
17 1768 888
18 861 1664
19 1524 1933
20 81 98
21 1342 1242
22 69 1087
23 351 592
24 855 1185
25 960 1237
26 1202 269
27 1606 475
28 348 699
29 1152 60
30 1237 141
31 1203 1882
32 1952 1323
33 770 1165
34 987 294
35 1450 1069
36 744 792
37 311 813
38 1879 1014
39 1757 1087
40 551 717
41 676 1753
42 986 283
43 228 1686
44 982 1732
45 1746 219
46 1874 1302
47 454 178
48 625 1224
49 1344 1965
50 1871 1146
